// Start Time: Unknown
// Update Rate: 100.0Hz
// Filter Profile: human (46.1)
// Option Flags: AHS Disabled ICC Disabled 
// Firmware Version: 4.0.2
PacketCounter	SampleTimeFine	Year	Month	Day	Second	UTC_Nano	UTC_Year	UTC_Month	UTC_Day	UTC_Hour	UTC_Minute	UTC_Second	UTC_Valid	Acc_X	Acc_Y	Acc_Z	Mat[1][1]	Mat[2][1]	Mat[3][1]	Mat[1][2]	Mat[2][2]	Mat[3][2]	Mat[1][3]	Mat[2][3]	Mat[3][3]
00472														9.681784	0.567279	-0.970936	-0.102187	-0.059505	0.992984	0.068831	0.995394	0.066732	-0.992381	0.075167	-0.097620
00473														9.703536	0.660375	-0.943480	-0.102192	-0.059407	0.992989	0.068608	0.995417	0.066613	-0.992396	0.074934	-0.097648
00474														9.726412	0.667523	-0.946427	-0.102104	-0.059314	0.993004	0.068465	0.995435	0.066499	-0.992415	0.074776	-0.097577
00475														9.690538	0.703942	-0.916622	-0.102045	-0.059230	0.993015	0.068183	0.995462	0.066383	-0.992440	0.074481	-0.097543
00476														9.699159	0.734927	-0.966246	-0.101912	-0.059215	0.993029	0.067825	0.995490	0.066323	-0.992479	0.074112	-0.097436
00477														9.673854	0.689361	-0.879159	-0.101779	-0.059173	0.993046	0.067503	0.995518	0.066239	-0.992514	0.073775	-0.097328
00478														9.724433	0.677833	-0.924228	-0.101613	-0.059124	0.993066	0.067166	0.995547	0.066144	-0.992554	0.073421	-0.097189
00479														9.740127	0.617565	-0.970303	-0.101483	-0.059058	0.993083	0.066790	0.995580	0.066031	-0.992593	0.073029	-0.097090
00480														9.729498	0.648754	-0.963196	-0.101384	-0.059005	0.993096	0.066443	0.995609	0.065938	-0.992626	0.072669	-0.097019
00481														9.769074	0.618896	-0.938707	-0.101311	-0.058916	0.993109	0.066162	0.995636	0.065815	-0.992652	0.072374	-0.096971
00482														9.732084	0.633137	-0.982848	-0.101224	-0.058846	0.993122	0.065969	0.995655	0.065720	-0.992674	0.072168	-0.096902
00483														9.709331	0.623994	-0.979932	-0.101188	-0.058753	0.993131	0.065822	0.995672	0.065609	-0.992688	0.072008	-0.096883
00484														9.711790	0.609357	-1.000156	-0.101144	-0.058666	0.993141	0.065639	0.995691	0.065501	-0.992704	0.071814	-0.096857
00485														9.729864	0.643847	-0.962787	-0.101090	-0.058579	0.993151	0.065512	0.995706	0.065398	-0.992718	0.071674	-0.096819
00486														9.711908	0.607597	-1.000083	-0.101033	-0.058521	0.993160	0.065437	0.995716	0.065328	-0.992729	0.071589	-0.096771
00487														9.738288	0.623910	-0.949151	-0.101002	-0.058461	0.993167	0.065308	0.995729	0.065253	-0.992740	0.071452	-0.096753
00488														9.721676	0.660210	-0.976442	-0.100967	-0.058393	0.993175	0.065125	0.995747	0.065165	-0.992756	0.071260	-0.096735
00489														9.694058	0.678500	-0.933864	-0.100989	-0.058312	0.993177	0.064953	0.995765	0.065069	-0.992765	0.071081	-0.096774
00490														9.673663	0.656076	-0.951232	-0.100893	-0.058293	0.993188	0.064834	0.995775	0.065031	-0.992783	0.070953	-0.096687
00491														9.682305	0.687175	-1.001078	-0.100845	-0.058252	0.993195	0.064639	0.995792	0.064967	-0.992800	0.070751	-0.096655
00492														9.721827	0.657847	-0.976533	-0.100752	-0.058219	0.993207	0.064501	0.995804	0.064915	-0.992819	0.070603	-0.096574
00493														9.761352	0.628176	-0.952133	-0.100738	-0.058093	0.993215	0.064418	0.995818	0.064779	-0.992825	0.070507	-0.096574
00494														9.763814	0.613193	-0.972434	-0.100702	-0.057956	0.993227	0.064371	0.995831	0.064634	-0.992832	0.070443	-0.096551
00495														9.732731	0.622204	-0.983421	-0.100700	-0.057813	0.993236	0.064441	0.995835	0.064497	-0.992828	0.070500	-0.096555
00496														9.722059	0.653155	-0.977369	-0.100721	-0.057663	0.993242	0.064645	0.995830	0.064368	-0.992812	0.070692	-0.096573
00497														9.687144	0.603324	-0.978591	-0.100716	-0.057497	0.993252	0.064749	0.995833	0.064212	-0.992806	0.070780	-0.096573
00498														9.680029	0.643246	-0.918479	-0.100672	-0.057409	0.993262	0.064793	0.995836	0.064125	-0.992808	0.070812	-0.096533
00499														9.705335	0.636903	-0.941101	-0.100580	-0.057313	0.993277	0.064844	0.995839	0.064027	-0.992814	0.070847	-0.096445
00500														9.705447	0.635967	-0.940582	-0.100488	-0.057209	0.993292	0.064858	0.995845	0.063918	-0.992822	0.070846	-0.096361
00501														9.705547	0.635211	-0.940060	-0.100390	-0.057164	0.993305	0.064774	0.995855	0.063857	-0.992837	0.070750	-0.096271
00502														9.682807	0.626578	-0.936560	-0.100268	-0.057131	0.993319	0.064657	0.995866	0.063805	-0.992857	0.070623	-0.096159
00503														9.710535	0.606959	-0.978708	-0.100130	-0.057114	0.993334	0.064493	0.995879	0.063762	-0.992882	0.070448	-0.096034
00504														9.714179	0.615477	-0.923809	-0.099940	-0.057097	0.993354	0.064301	0.995895	0.063712	-0.992914	0.070241	-0.095859
00505														9.700116	0.638604	-0.969891	-0.099788	-0.057133	0.993367	0.064073	0.995909	0.063715	-0.992944	0.070006	-0.095719
00506														9.731361	0.628239	-0.957958	-0.099610	-0.057147	0.993384	0.063811	0.995927	0.063692	-0.992978	0.069733	-0.095557
00507														9.702401	0.574941	-0.923688	-0.099421	-0.057185	0.993401	0.063571	0.995943	0.063694	-0.993013	0.069484	-0.095382
00508														9.699049	0.566181	-0.976052	-0.099240	-0.057247	0.993415	0.063312	0.995958	0.063718	-0.993047	0.069218	-0.095214
00509														9.742402	0.596614	-0.960528	-0.099098	-0.057326	0.993425	0.063050	0.995971	0.063762	-0.993078	0.068954	-0.095085
00510														9.737654	0.624252	-0.919493	-0.098951	-0.057339	0.993439	0.062767	0.995991	0.063738	-0.993111	0.068662	-0.094956
00511														9.695906	0.666669	-0.923142	-0.098836	-0.057360	0.993449	0.062516	0.996007	0.063727	-0.993138	0.068405	-0.094855
00512														9.718820	0.674931	-0.925084	-0.098669	-0.057416	0.993463	0.062220	0.996025	0.063743	-0.993173	0.068103	-0.094704
00513														9.687788	0.685478	-0.934798	-0.098500	-0.057482	0.993476	0.061841	0.996047	0.063762	-0.993214	0.067718	-0.094555
00514														9.691329	0.694731	-0.879760	-0.098282	-0.057536	0.993494	0.061414	0.996074	0.063760	-0.993262	0.067281	-0.094363
00515														9.719156	0.675457	-0.921164	-0.098076	-0.057606	0.993510	0.060901	0.996105	0.063768	-0.993314	0.066760	-0.094186
00516														9.769803	0.664376	-0.965680	-0.097915	-0.057684	0.993522	0.060346	0.996138	0.063783	-0.993363	0.066201	-0.094056
00517														9.786439	0.627393	-0.937593	-0.097816	-0.057676	0.993532	0.059883	0.996169	0.063725	-0.993401	0.065729	-0.093988
00518														9.763679	0.618563	-0.934404	-0.097724	-0.057621	0.993544	0.059537	0.996196	0.063631	-0.993431	0.065371	-0.093922
00519														9.709786	0.620044	-0.942238	-0.097659	-0.057610	0.993551	0.059191	0.996220	0.063583	-0.993458	0.065018	-0.093880
00520														9.658326	0.608055	-0.969935	-0.097547	-0.057633	0.993561	0.058817	0.996243	0.063564	-0.993491	0.064639	-0.093791
00521														9.718182	0.601179	-0.927569	-0.097434	-0.057630	0.993572	0.058512	0.996264	0.063524	-0.993520	0.064326	-0.093698
00522														9.703697	0.574536	-0.910231	-0.097297	-0.057675	0.993583	0.058144	0.996285	0.063525	-0.993556	0.063951	-0.093582
00523														9.707631	0.633215	-0.919675	-0.097125	-0.057683	0.993599	0.057813	0.996306	0.063491	-0.993592	0.063610	-0.093432
00524														9.764156	0.617228	-0.930291	-0.096937	-0.057735	0.993614	0.057469	0.996326	0.063500	-0.993630	0.063258	-0.093263
00525														9.707852	0.633328	-0.917256	-0.096782	-0.057784	0.993627	0.057139	0.996344	0.063507	-0.993664	0.062921	-0.093127
00526														9.707935	0.633685	-0.916131	-0.096606	-0.057879	0.993638	0.056762	0.996363	0.063556	-0.993703	0.062540	-0.092969
00527														9.729474	0.569786	-0.927321	-0.096467	-0.057980	0.993646	0.056346	0.996383	0.063610	-0.993740	0.062124	-0.092851
00528														9.737811	0.552044	-0.912458	-0.096293	-0.058086	0.993657	0.055899	0.996405	0.063664	-0.993782	0.061675	-0.092700
00529														9.717508	0.530875	-0.928368	-0.096140	-0.058239	0.993663	0.055541	0.996418	0.063775	-0.993817	0.061320	-0.092561
00530														9.715086	0.545995	-0.907153	-0.095946	-0.058399	0.993672	0.055239	0.996427	0.063895	-0.993853	0.061020	-0.092377
00531														9.681517	0.571586	-0.897050	-0.095823	-0.058598	0.993672	0.055000	0.996429	0.064065	-0.993878	0.060791	-0.092258
00532														9.718909	0.607848	-0.915531	-0.095660	-0.058768	0.993678	0.054833	0.996429	0.064210	-0.993903	0.060629	-0.092096
00533														9.765058	0.674858	-0.984617	-0.095569	-0.058931	0.993677	0.054709	0.996426	0.064356	-0.993918	0.060514	-0.092003
00534														9.765797	0.699463	-0.910723	-0.095525	-0.059007	0.993677	0.054624	0.996427	0.064422	-0.993927	0.060432	-0.091961
00535														9.720119	0.683345	-0.905046	-0.095500	-0.058980	0.993681	0.054514	0.996435	0.064383	-0.993936	0.060318	-0.091944
00536														9.689807	0.716828	-0.842441	-0.095421	-0.058988	0.993688	0.054326	0.996446	0.064369	-0.993954	0.060125	-0.091877
00537														9.706884	0.729582	-0.878567	-0.095313	-0.059052	0.993694	0.054146	0.996454	0.064410	-0.993974	0.059944	-0.091778
00538														9.699857	0.661633	-0.921096	-0.095262	-0.059085	0.993697	0.053990	0.996461	0.064425	-0.993987	0.059787	-0.091735
00539														9.718952	0.610832	-0.913075	-0.095197	-0.059026	0.993707	0.053746	0.996480	0.064340	-0.994006	0.059532	-0.091690
00540														9.738090	0.559927	-0.904639	-0.095065	-0.059044	0.993718	0.053565	0.996490	0.064333	-0.994029	0.059345	-0.091569
00541														9.709561	0.556214	-0.934707	-0.094952	-0.059074	0.993727	0.053488	0.996493	0.064350	-0.994044	0.059263	-0.091459
00542														9.746985	0.590995	-0.953778	-0.094894	-0.059074	0.993733	0.053539	0.996490	0.064350	-0.994047	0.059310	-0.091398
00543														9.738718	0.609173	-0.967636	-0.094888	-0.059025	0.993736	0.053633	0.996488	0.064310	-0.994042	0.059399	-0.091389
00544														9.736195	0.622993	-0.947998	-0.094892	-0.059000	0.993738	0.053812	0.996479	0.064301	-0.994032	0.059576	-0.091383
00545														9.769808	0.598715	-0.956988	-0.094882	-0.058930	0.993743	0.054043	0.996469	0.064251	-0.994021	0.059801	-0.091362
00546														9.761506	0.617007	-0.971126	-0.094911	-0.058928	0.993740	0.054358	0.996450	0.064281	-0.994001	0.060119	-0.091371
00547														9.747605	0.614332	-0.881868	-0.095066	-0.058874	0.993728	0.054741	0.996430	0.064271	-0.993965	0.060507	-0.091504
00548														9.749969	0.600338	-0.903303	-0.095209	-0.058817	0.993718	0.055089	0.996412	0.064254	-0.993932	0.060860	-0.091627
00549														9.707936	0.642543	-0.909927	-0.095372	-0.058736	0.993707	0.055451	0.996394	0.064217	-0.993896	0.061227	-0.091772
00550														9.713613	0.637664	-0.877756	-0.095507	-0.058610	0.993702	0.055779	0.996381	0.064130	-0.993865	0.061553	-0.091892
00551														9.730567	0.649564	-0.915717	-0.095615	-0.058517	0.993697	0.056062	0.996370	0.064069	-0.993838	0.061835	-0.091987
00552														9.741251	0.617016	-0.922888	-0.095707	-0.058467	0.993691	0.056314	0.996357	0.064048	-0.993815	0.062089	-0.092065
00553														9.734078	0.548395	-0.966907	-0.095798	-0.058357	0.993689	0.056667	0.996341	0.063975	-0.993787	0.062438	-0.092140
00554														9.716994	0.535375	-0.931162	-0.095856	-0.058272	0.993688	0.057060	0.996322	0.063931	-0.993758	0.062828	-0.092179
00555														9.758799	0.493093	-0.926988	-0.095933	-0.058273	0.993681	0.057526	0.996292	0.063979	-0.993724	0.063300	-0.092225
00556														9.742942	0.553615	-0.882362	-0.096104	-0.058249	0.993666	0.057942	0.996266	0.064005	-0.993683	0.063726	-0.092370
00557														9.732011	0.586233	-0.877879	-0.096250	-0.058233	0.993652	0.058380	0.996238	0.064040	-0.993644	0.064173	-0.092488
00558														9.705676	0.569353	-0.929831	-0.096342	-0.058275	0.993641	0.058914	0.996201	0.064138	-0.993603	0.064719	-0.092543
00559														9.711777	0.615439	-0.960919	-0.096384	-0.058359	0.993632	0.059390	0.996164	0.064269	-0.993571	0.065206	-0.092549
00560														9.725819	0.593806	-0.913529	-0.096381	-0.058404	0.993630	0.059852	0.996131	0.064357	-0.993543	0.065673	-0.092513
00561														9.746442	0.507032	-0.999089	-0.096314	-0.058450	0.993633	0.060271	0.996100	0.064437	-0.993525	0.066093	-0.092416
00562														9.695889	0.519573	-0.952469	-0.096177	-0.058536	0.993642	0.060857	0.996056	0.064569	-0.993502	0.066680	-0.092235
00563														9.741178	0.488060	-0.892846	-0.096090	-0.058648	0.993643	0.061456	0.996009	0.064730	-0.993474	0.067286	-0.092102
00564														9.739107	0.553297	-0.935778	-0.095949	-0.058817	0.993647	0.062032	0.995959	0.064944	-0.993451	0.067869	-0.091913
00565														9.737008	0.618701	-0.978732	-0.095888	-0.058942	0.993645	0.062732	0.995903	0.065129	-0.993413	0.068579	-0.091798
00566														9.709126	0.640380	-0.935415	-0.095898	-0.059109	0.993635	0.063529	0.995837	0.065371	-0.993362	0.069393	-0.091743
00567														9.693225	0.702455	-0.888938	-0.095898	-0.059245	0.993626	0.064222	0.995779	0.065571	-0.993317	0.070100	-0.091689
00568														9.679829	0.750380	-0.862245	-0.095863	-0.059372	0.993622	0.064814	0.995729	0.065751	-0.993282	0.070704	-0.091605
00569														9.702552	0.760539	-0.864436	-0.095819	-0.059526	0.993617	0.065359	0.995680	0.065953	-0.993251	0.071261	-0.091514
00570														9.748060	0.779107	-0.869582	-0.095806	-0.059705	0.993608	0.065778	0.995638	0.066170	-0.993224	0.071697	-0.091460
00571														9.710634	0.745952	-0.850051	-0.095792	-0.059789	0.993604	0.066089	0.995610	0.066281	-0.993205	0.072015	-0.091420
00572														9.681907	0.743524	-0.880951	-0.095801	-0.059866	0.993599	0.066360	0.995585	0.066384	-0.993186	0.072295	-0.091405
00573														9.672349	0.690327	-0.904426	-0.095765	-0.059924	0.993599	0.066551	0.995567	0.066457	-0.993177	0.072490	-0.091352
00574														9.707093	0.740002	-0.903486	-0.095737	-0.060028	0.993595	0.066760	0.995545	0.066578	-0.993165	0.072707	-0.091304
00575														9.755133	0.743753	-0.929192	-0.095769	-0.060070	0.993589	0.067028	0.995523	0.066648	-0.993144	0.072981	-0.091314
00576														9.680487	0.674542	-0.890790	-0.095756	-0.060074	0.993590	0.067280	0.995504	0.066673	-0.993128	0.073233	-0.091284
00577														9.691605	0.692746	-0.960920	-0.095734	-0.060126	0.993589	0.067555	0.995480	0.066750	-0.993112	0.073513	-0.091240
00578														9.651808	0.672501	-0.920985	-0.095609	-0.060211	0.993596	0.067725	0.995463	0.066841	-0.993112	0.073682	-0.091097
00579														9.726056	0.693241	-0.895266	-0.095617	-0.060240	0.993594	0.067787	0.995456	0.066876	-0.993107	0.073747	-0.091099
00580														9.754632	0.697037	-0.864849	-0.095666	-0.060219	0.993590	0.067926	0.995447	0.066871	-0.993093	0.073888	-0.091140
00581														9.729261	0.702626	-0.842581	-0.095695	-0.060204	0.993588	0.068120	0.995433	0.066877	-0.993077	0.074083	-0.091157
00582														9.677764	0.691134	-0.870965	-0.095688	-0.060230	0.993588	0.068235	0.995423	0.066912	-0.993070	0.074200	-0.091140
00583														9.672714	0.719064	-0.830994	-0.095671	-0.060269	0.993587	0.068266	0.995418	0.066953	-0.993069	0.074234	-0.091118
00584														9.697989	0.714099	-0.853826	-0.095638	-0.060317	0.993587	0.068265	0.995415	0.066999	-0.993073	0.074234	-0.091082
00585														9.734138	0.676815	-0.882825	-0.095570	-0.060342	0.993592	0.068129	0.995424	0.067007	-0.993089	0.074096	-0.091021
00586														9.713833	0.655310	-0.899737	-0.095506	-0.060427	0.993593	0.068012	0.995427	0.067076	-0.993103	0.073983	-0.090959
00587														9.772758	0.626560	-0.931754	-0.095519	-0.060478	0.993589	0.067936	0.995429	0.067121	-0.993107	0.073912	-0.090974
00588														9.744847	0.646166	-0.889563	-0.095579	-0.060489	0.993582	0.067885	0.995432	0.067132	-0.993104	0.073866	-0.091036
00589														9.693307	0.634610	-0.918459	-0.095621	-0.060517	0.993577	0.067821	0.995435	0.067157	-0.993105	0.073807	-0.091080
00590														9.690725	0.648986	-0.898780	-0.095591	-0.060611	0.993574	0.067735	0.995435	0.067242	-0.993113	0.073727	-0.091049
00591														9.730452	0.670974	-0.938010	-0.095546	-0.060686	0.993573	0.067668	0.995435	0.067307	-0.993122	0.073664	-0.091003
00592														9.722872	0.712926	-0.877939	-0.095527	-0.060752	0.993571	0.067580	0.995437	0.067364	-0.993130	0.073580	-0.090986
00593														9.750662	0.694151	-0.920816	-0.095487	-0.060790	0.993573	0.067441	0.995445	0.067386	-0.993143	0.073442	-0.090953
00594														9.716679	0.668904	-0.847904	-0.095485	-0.060873	0.993568	0.067281	0.995451	0.067455	-0.993154	0.073289	-0.090955
00595														9.687994	0.665927	-0.878804	-0.095420	-0.060933	0.993570	0.067147	0.995457	0.067497	-0.993170	0.073156	-0.090895
00596														9.719118	0.656327	-0.867848	-0.095402	-0.061000	0.993568	0.066937	0.995468	0.067544	-0.993186	0.072950	-0.090886
00597														9.713249	0.661368	-0.901608	-0.095353	-0.061041	0.993570	0.066747	0.995480	0.067564	-0.993203	0.072760	-0.090848
00598														9.690405	0.653695	-0.898826	-0.095334	-0.061143	0.993566	0.066522	0.995489	0.067644	-0.993220	0.072543	-0.090837
00599														9.725061	0.703236	-0.898271	-0.095294	-0.061240	0.993564	0.066318	0.995498	0.067720	-0.993238	0.072344	-0.090804
00600														9.753645	0.707407	-0.867557	-0.095293	-0.061265	0.993562	0.066102	0.995512	0.067725	-0.993252	0.072130	-0.090815
00601														9.736841	0.744280	-0.895841	-0.095376	-0.061276	0.993554	0.065927	0.995523	0.067726	-0.993256	0.071961	-0.090909
00602														9.719006	0.708513	-0.933742	-0.095369	-0.061291	0.993553	0.065764	0.995534	0.067726	-0.993267	0.071799	-0.090912
00603														9.755987	0.693547	-0.889578	-0.095388	-0.061222	0.993556	0.065611	0.995550	0.067644	-0.993276	0.071640	-0.090947
00604														9.740697	0.643217	-0.947652	-0.095485	-0.061160	0.993550	0.065481	0.995563	0.067577	-0.993275	0.071511	-0.091057
00605														9.692472	0.640165	-0.923406	-0.095603	-0.061133	0.993541	0.065437	0.995567	0.067555	-0.993266	0.071473	-0.091179
00606														9.700732	0.621557	-0.910939	-0.095687	-0.061076	0.993536	0.065465	0.995569	0.067505	-0.993256	0.071502	-0.091265
00607														9.720948	0.643184	-0.894889	-0.095760	-0.061008	0.993533	0.065460	0.995573	0.067443	-0.993250	0.071495	-0.091342
00608														9.695579	0.648401	-0.873018	-0.095821	-0.060971	0.993529	0.065509	0.995572	0.067415	-0.993241	0.071545	-0.091403
00609														9.709971	0.674867	-0.890144	-0.095810	-0.060949	0.993532	0.065519	0.995573	0.067393	-0.993241	0.071552	-0.091392
00610														9.712467	0.660928	-0.910311	-0.095792	-0.060945	0.993534	0.065339	0.995586	0.067371	-0.993255	0.071370	-0.091387
00611														9.746116	0.636698	-0.919830	-0.095823	-0.060896	0.993534	0.065202	0.995599	0.067311	-0.993261	0.071231	-0.091430
00612														9.728299	0.600539	-0.957364	-0.095823	-0.060883	0.993535	0.065245	0.995597	0.067302	-0.993258	0.071272	-0.091428
00613														9.754429	0.618168	-0.906793	-0.095823	-0.060881	0.993535	0.065271	0.995595	0.067302	-0.993256	0.071298	-0.091427
00614														9.746012	0.636646	-0.920973	-0.095859	-0.060877	0.993532	0.065362	0.995589	0.067309	-0.993247	0.071391	-0.091457
00615														9.723138	0.628508	-0.918846	-0.095930	-0.060857	0.993526	0.065481	0.995581	0.067305	-0.993232	0.071514	-0.091521
00616														9.718070	0.656186	-0.879615	-0.095956	-0.060834	0.993525	0.065554	0.995578	0.067291	-0.993225	0.071586	-0.091543
00617														9.718031	0.656224	-0.880023	-0.095967	-0.060826	0.993524	0.065647	0.995571	0.067292	-0.993217	0.071680	-0.091549
00618														9.712112	0.660913	-0.914097	-0.095985	-0.060830	0.993522	0.065740	0.995564	0.067306	-0.993210	0.071775	-0.091560
00619														9.714564	0.647328	-0.934385	-0.095993	-0.060835	0.993521	0.065852	0.995556	0.067322	-0.993201	0.071888	-0.091560
00620														9.722904	0.629057	-0.920942	-0.096005	-0.060806	0.993522	0.065926	0.995552	0.067301	-0.993195	0.071960	-0.091569
00621														9.709500	0.675133	-0.895068	-0.096005	-0.060815	0.993521	0.065987	0.995547	0.067315	-0.993191	0.072023	-0.091565
00622														9.718019	0.706520	-0.945453	-0.095970	-0.060828	0.993524	0.066088	0.995539	0.067335	-0.993188	0.072123	-0.091521
00623														9.711964	0.661744	-0.915075	-0.095964	-0.060816	0.993525	0.066167	0.995534	0.067330	-0.993183	0.072200	-0.091511
00624														9.722807	0.629687	-0.921532	-0.095982	-0.060807	0.993524	0.066345	0.995522	0.067339	-0.993170	0.072379	-0.091518
00625														9.759979	0.664630	-0.941402	-0.096011	-0.060768	0.993524	0.066590	0.995506	0.067325	-0.993150	0.072623	-0.091533
00626														9.720246	0.643411	-0.902320	-0.096030	-0.060700	0.993526	0.066834	0.995493	0.067280	-0.993132	0.072862	-0.091540
00627														9.709339	0.675395	-0.896615	-0.096083	-0.060663	0.993523	0.067023	0.995481	0.067265	-0.993114	0.073052	-0.091583
00628														9.727095	0.711369	-0.860078	-0.096111	-0.060650	0.993521	0.067252	0.995465	0.067275	-0.993096	0.073282	-0.091596
00629														9.704430	0.752494	-0.921597	-0.096120	-0.060572	0.993525	0.067480	0.995454	0.067219	-0.993080	0.073504	-0.091595
00630														9.695892	0.721066	-0.871598	-0.096141	-0.060539	0.993525	0.067605	0.995447	0.067198	-0.993069	0.073628	-0.091610
00631														9.712775	0.733601	-0.908655	-0.096166	-0.060479	0.993526	0.067642	0.995448	0.067143	-0.993064	0.073661	-0.091637
00632														9.711716	0.660507	-0.918588	-0.096148	-0.060416	0.993532	0.067631	0.995453	0.067077	-0.993067	0.073643	-0.091625
00633														9.688917	0.651723	-0.916131	-0.096187	-0.060350	0.993532	0.067631	0.995457	0.067015	-0.993063	0.073639	-0.091668
00634														9.694818	0.646795	-0.882608	-0.096126	-0.060315	0.993540	0.067646	0.995459	0.066977	-0.993068	0.073647	-0.091609
00635														9.711754	0.659093	-0.919209	-0.096129	-0.060229	0.993545	0.067684	0.995462	0.066894	-0.993065	0.073678	-0.091616
00636														9.700894	0.690845	-0.913279	-0.096124	-0.060207	0.993547	0.067657	0.995465	0.066869	-0.993067	0.073648	-0.091615
00637														9.735463	0.689809	-0.849067	-0.096138	-0.060164	0.993548	0.067662	0.995468	0.066827	-0.993066	0.073650	-0.091632
00638														9.706758	0.685859	-0.880236	-0.096128	-0.060144	0.993550	0.067602	0.995474	0.066801	-0.993071	0.073587	-0.091627
00639														9.689858	0.672873	-0.843789	-0.096096	-0.060120	0.993555	0.067458	0.995486	0.066761	-0.993084	0.073439	-0.091607
00640														9.700885	0.689811	-0.914158	-0.096056	-0.060090	0.993560	0.067261	0.995503	0.066711	-0.993101	0.073235	-0.091582
00641														9.744020	0.719853	-0.899945	-0.096004	-0.060086	0.993566	0.067034	0.995520	0.066682	-0.993121	0.073005	-0.091547
00642														9.740477	0.660687	-0.889572	-0.095983	-0.060037	0.993571	0.066800	0.995541	0.066609	-0.993139	0.072764	-0.091544
00643														9.732117	0.678522	-0.903545	-0.095951	-0.060014	0.993575	0.066535	0.995562	0.066559	-0.993160	0.072494	-0.091532
00644														9.703426	0.674374	-0.934665	-0.095946	-0.059993	0.993577	0.066267	0.995583	0.066513	-0.993178	0.072223	-0.091547
00645														9.694873	0.643002	-0.884763	-0.095959	-0.059975	0.993577	0.065979	0.995605	0.066469	-0.993196	0.071934	-0.091581
00646														9.742931	0.645379	-0.910869	-0.095932	-0.059975	0.993579	0.065733	0.995623	0.066445	-0.993215	0.071685	-0.091570
00647														9.722582	0.623001	-0.928425	-0.095982	-0.059941	0.993577	0.065542	0.995638	0.066397	-0.993223	0.071494	-0.091635
00648														9.751222	0.626328	-0.898513	-0.096034	-0.059886	0.993575	0.065333	0.995657	0.066326	-0.993232	0.071283	-0.091705
00649														9.730824	0.603556	-0.916799	-0.096157	-0.059811	0.993568	0.065182	0.995672	0.066246	-0.993230	0.071133	-0.091842
00650														9.698215	0.699403	-0.899547	-0.096176	-0.059721	0.993571	0.065113	0.995683	0.066151	-0.993232	0.071056	-0.091872
00651														9.709062	0.666319	-0.906350	-0.096223	-0.059617	0.993573	0.065057	0.995694	0.066045	-0.993231	0.070994	-0.091930
00652														9.736794	0.645550	-0.950008	-0.096279	-0.059466	0.993576	0.064943	0.995712	0.065887	-0.993234	0.070869	-0.092004
00653														9.713989	0.636113	-0.947963	-0.096318	-0.059366	0.993579	0.064836	0.995726	0.065779	-0.993237	0.070756	-0.092057
00654														9.674276	0.614276	-0.909328	-0.096393	-0.059254	0.993578	0.064740	0.995739	0.065663	-0.993236	0.070654	-0.092146
00655														9.701957	0.593848	-0.953030	-0.096437	-0.059186	0.993578	0.064653	0.995750	0.065591	-0.993237	0.070563	-0.092201
00656														9.713761	0.584607	-0.886189	-0.096451	-0.059146	0.993579	0.064570	0.995758	0.065544	-0.993241	0.070477	-0.092223
00657														9.730610	0.596727	-0.923521	-0.096507	-0.059074	0.993578	0.064549	0.995764	0.065474	-0.993237	0.070454	-0.092285
00658														9.719730	0.628531	-0.918229	-0.096543	-0.059048	0.993576	0.064431	0.995774	0.065439	-0.993241	0.070335	-0.092330
00659														9.717236	0.642098	-0.899018	-0.096573	-0.058999	0.993576	0.064295	0.995787	0.065379	-0.993247	0.070195	-0.092373
00660														9.717193	0.641937	-0.899594	-0.096587	-0.059017	0.993573	0.064147	0.995796	0.065385	-0.993255	0.070050	-0.092395
00661														9.742380	0.636326	-0.923046	-0.096629	-0.059022	0.993569	0.064013	0.995805	0.065381	-0.993260	0.069919	-0.092445
00662														9.719518	0.628082	-0.920781	-0.096657	-0.059012	0.993567	0.063878	0.995815	0.065359	-0.993266	0.069784	-0.092483
00663														9.716997	0.641906	-0.901725	-0.096729	-0.058992	0.993561	0.063772	0.995824	0.065335	-0.993266	0.069681	-0.092563
00664														9.731332	0.668193	-0.919561	-0.096803	-0.058950	0.993556	0.063749	0.995828	0.065296	-0.993260	0.069659	-0.092641
00665														9.704961	0.649991	-0.971315	-0.096892	-0.058888	0.993551	0.063759	0.995830	0.065241	-0.993251	0.069670	-0.092734
00666														9.750389	0.616843	-0.913984	-0.096975	-0.058819	0.993547	0.063717	0.995838	0.065174	-0.993245	0.069626	-0.092823
00667														9.687945	0.636529	-0.936860	-0.097056	-0.058772	0.993542	0.063713	0.995841	0.065132	-0.993238	0.069623	-0.092908
00668														9.725003	0.621900	-0.893186	-0.097109	-0.058739	0.993539	0.063694	0.995844	0.065100	-0.993234	0.069604	-0.092965
00669														9.752604	0.601866	-0.936891	-0.097193	-0.058679	0.993534	0.063671	0.995849	0.065044	-0.993227	0.069581	-0.093054
00670														9.727300	0.607091	-0.915131	-0.097273	-0.058599	0.993531	0.063697	0.995852	0.064972	-0.993217	0.069605	-0.093137
00671														9.696040	0.616761	-0.927038	-0.097346	-0.058567	0.993526	0.063678	0.995855	0.064944	-0.993211	0.069587	-0.093213
00672														9.721182	0.611045	-0.950760	-0.097394	-0.058583	0.993520	0.063647	0.995856	0.064960	-0.993209	0.069561	-0.093262
00673														9.749867	0.615023	-0.920747	-0.097438	-0.058563	0.993517	0.063580	0.995862	0.064936	-0.993209	0.069495	-0.093312
00674														9.737799	0.574713	-0.924628	-0.097510	-0.058593	0.993508	0.063510	0.995864	0.064965	-0.993206	0.069432	-0.093385
00675														9.704105	0.598697	-0.916476	-0.097552	-0.058538	0.993507	0.063441	0.995873	0.064907	-0.993206	0.069361	-0.093435
00676														9.729285	0.592799	-0.939858	-0.097558	-0.058547	0.993506	0.063451	0.995871	0.064917	-0.993205	0.069372	-0.093440
00677														9.743642	0.619518	-0.957022	-0.097566	-0.058564	0.993504	0.063477	0.995868	0.064937	-0.993203	0.069401	-0.093446
00678														9.726755	0.607417	-0.920688	-0.097593	-0.058600	0.993500	0.063467	0.995867	0.064974	-0.993201	0.069395	-0.093470
00679														9.695488	0.617836	-0.932086	-0.097624	-0.058621	0.993495	0.063421	0.995868	0.064993	-0.993201	0.069354	-0.093503
00680														9.736132	0.662636	-0.899119	-0.097701	-0.058659	0.993486	0.063423	0.995865	0.065037	-0.993193	0.069364	-0.093576
00681														9.707248	0.659322	-0.930573	-0.097729	-0.058716	0.993480	0.063466	0.995858	0.065099	-0.993187	0.069415	-0.093598
00682														9.738350	0.649739	-0.920396	-0.097795	-0.058724	0.993473	0.063413	0.995861	0.065108	-0.993184	0.069366	-0.093666
00683														9.698657	0.678131	-0.945979	-0.097848	-0.058712	0.993468	0.063432	0.995861	0.065101	-0.993178	0.069387	-0.093719
00684														9.698563	0.678316	-0.946818	-0.097917	-0.058730	0.993460	0.063433	0.995859	0.065124	-0.993171	0.069395	-0.093786
00685														9.698475	0.678535	-0.947557	-0.097950	-0.058726	0.993457	0.063455	0.995858	0.065124	-0.993166	0.069418	-0.093818
00686														9.726043	0.658881	-0.990814	-0.097972	-0.058729	0.993455	0.063425	0.995859	0.065126	-0.993166	0.069390	-0.093841
00687														9.706768	0.660336	-0.934855	-0.098025	-0.058693	0.993452	0.063373	0.995865	0.065089	-0.993164	0.069338	-0.093900
00688														9.715112	0.642130	-0.921662	-0.098054	-0.058717	0.993447	0.063344	0.995865	0.065112	-0.993163	0.069314	-0.093929
00689														9.700661	0.664851	-0.969540	-0.098026	-0.058726	0.993450	0.063324	0.995866	0.065117	-0.993167	0.069292	-0.093902
00690														9.727012	0.682989	-0.919073	-0.098018	-0.058741	0.993450	0.063251	0.995871	0.065124	-0.993173	0.069220	-0.093898
00691														9.681399	0.666580	-0.913343	-0.098026	-0.058724	0.993450	0.063172	0.995877	0.065100	-0.993177	0.069140	-0.093912
00692														9.641742	0.694575	-0.938674	-0.098067	-0.058684	0.993448	0.063035	0.995889	0.065051	-0.993182	0.069001	-0.093965
00693														9.557674	0.778626	-0.948845	-0.098027	-0.058627	0.993455	0.062977	0.995897	0.064986	-0.993189	0.068935	-0.093933
00694														9.536043	0.891324	-1.001460	-0.097992	-0.058535	0.993464	0.062986	0.995903	0.064892	-0.993192	0.068933	-0.093904
00695														9.568516	0.952956	-0.981460	-0.097911	-0.058388	0.993481	0.063084	0.995906	0.064748	-0.993194	0.069012	-0.093826
00696														9.784707	0.944369	-0.949281	-0.097773	-0.058232	0.993504	0.063239	0.995906	0.064596	-0.993198	0.069144	-0.093690
00697														9.986638	0.749786	-0.937235	-0.097587	-0.058068	0.993531	0.063385	0.995907	0.064433	-0.993207	0.069262	-0.093507
00698														10.084083	0.409371	-0.925628	-0.097580	-0.057968	0.993538	0.063197	0.995927	0.064314	-0.993219	0.069065	-0.093519
00699														9.936514	-0.025214	-0.848633	-0.097734	-0.057870	0.993529	0.062834	0.995957	0.064193	-0.993227	0.068701	-0.093703
00700														9.844019	-0.388308	-0.755610	-0.097938	-0.057872	0.993508	0.062539	0.995977	0.064181	-0.993226	0.068419	-0.093924
00701														9.808008	-0.508380	-0.765671	-0.098014	-0.058110	0.993487	0.062501	0.995964	0.064421	-0.993221	0.068408	-0.093986
00702														9.915901	-0.251441	-0.842829	-0.098140	-0.058501	0.993452	0.062949	0.995907	0.064864	-0.993180	0.068902	-0.094056
00703														9.923718	0.152003	-0.885632	-0.098536	-0.058968	0.993385	0.063728	0.995820	0.065434	-0.993091	0.069754	-0.094366
00704														9.762984	0.517196	-0.922507	-0.099094	-0.059508	0.993297	0.064592	0.995720	0.066097	-0.992979	0.070709	-0.094826
00705														9.610325	0.753928	-1.047470	-0.099563	-0.060040	0.993218	0.065244	0.995636	0.066727	-0.992890	0.071445	-0.095211
00706														9.572809	1.006213	-1.048151	-0.099823	-0.060576	0.993160	0.065511	0.995579	0.067308	-0.992846	0.071782	-0.095413
00707														9.593974	1.228260	-1.080081	-0.100108	-0.061058	0.993101	0.065649	0.995535	0.067825	-0.992808	0.071986	-0.095653
00708														9.553923	1.382731	-1.162722	-0.100416	-0.061423	0.993048	0.065863	0.995493	0.068234	-0.992763	0.072257	-0.095918
00709														9.439987	1.465891	-1.205089	-0.100604	-0.061579	0.993019	0.065908	0.995478	0.068409	-0.992741	0.072330	-0.096091
00710														9.294136	1.594435	-1.163366	-0.100531	-0.061562	0.993028	0.065853	0.995484	0.068381	-0.992752	0.072268	-0.096023
00711														9.385445	1.626503	-1.174876	-0.100339	-0.061355	0.993060	0.065824	0.995501	0.068156	-0.992774	0.072206	-0.095849
00712														9.468085	1.553212	-1.144031	-0.100065	-0.060974	0.993111	0.065655	0.995540	0.067739	-0.992812	0.071981	-0.095615
00713														9.539419	1.388554	-1.051415	-0.099776	-0.060408	0.993175	0.065427	0.995597	0.067128	-0.992857	0.071678	-0.095384
00714														9.551850	1.190489	-1.093066	-0.099398	-0.059706	0.993255	0.065236	0.995660	0.066379	-0.992907	0.071394	-0.095071
00715														9.592057	1.032638	-1.009253	-0.098802	-0.058852	0.993365	0.064963	0.995739	0.065454	-0.992984	0.070999	-0.094557
00716														9.716167	0.838089	-0.978737	-0.098117	-0.057959	0.993486	0.064647	0.995823	0.064480	-0.993073	0.070553	-0.093960
00717														9.889128	0.461499	-0.873513	-0.097556	-0.057137	0.993589	0.064475	0.995891	0.063600	-0.993139	0.070266	-0.093471
00718														9.966396	0.042971	-0.810617	-0.097154	-0.056376	0.993671	0.064280	0.995955	0.062791	-0.993191	0.069973	-0.093137
00719														9.943382	-0.278691	-0.648218	-0.096817	-0.055687	0.993743	0.064067	0.996014	0.062056	-0.993238	0.069674	-0.092864
00720														9.933402	-0.436810	-0.539302	-0.096573	-0.055200	0.993794	0.064028	0.996048	0.061547	-0.993264	0.069574	-0.092657
00721														10.013844	-0.375668	-0.544398	-0.096516	-0.054936	0.993814	0.064201	0.996053	0.061295	-0.993259	0.069720	-0.092608
00722														10.008297	-0.165037	-0.606243	-0.096678	-0.054786	0.993807	0.064371	0.996049	0.061172	-0.993232	0.069886	-0.092770
00723														9.909392	0.126224	-0.766479	-0.096866	-0.054813	0.993787	0.064391	0.996046	0.061214	-0.993212	0.069920	-0.092954
00724														9.794559	0.320070	-0.918251	-0.096987	-0.055036	0.993763	0.064153	0.996048	0.061423	-0.993216	0.069710	-0.093073
00725														9.782338	0.331348	-0.987387	-0.097176	-0.055419	0.993723	0.063780	0.996049	0.061786	-0.993221	0.069384	-0.093258
00726														9.734059	0.382015	-1.028251	-0.097410	-0.055890	0.993674	0.063526	0.996037	0.062250	-0.993215	0.069188	-0.093474
00727														9.696464	0.400937	-1.074922	-0.097600	-0.056365	0.993628	0.063435	0.996012	0.062731	-0.993202	0.069154	-0.093635
00728														9.642212	0.566929	-1.047020	-0.097739	-0.056788	0.993591	0.063572	0.995975	0.063178	-0.993180	0.069339	-0.093735
00729														9.609421	0.717019	-1.095103	-0.097870	-0.057201	0.993554	0.063969	0.995921	0.063638	-0.993141	0.069785	-0.093811
00730														9.571760	0.895218	-1.102955	-0.097946	-0.057575	0.993525	0.064597	0.995852	0.064078	-0.993093	0.070455	-0.093820
00731														9.571331	1.058730	-1.065225	-0.097928	-0.057869	0.993510	0.065266	0.995785	0.064435	-0.993051	0.071153	-0.093739
00732														9.603467	1.124506	-1.044387	-0.097836	-0.058053	0.993508	0.065921	0.995727	0.064675	-0.993017	0.071821	-0.093591
00733														9.620263	1.090050	-1.014956	-0.097697	-0.058138	0.993517	0.066542	0.995677	0.064808	-0.992989	0.072442	-0.093406
00734														9.642084	0.977852	-0.960366	-0.097503	-0.058178	0.993533	0.067114	0.995633	0.064887	-0.992970	0.073007	-0.093173
00735														9.618404	0.848598	-0.899559	-0.097288	-0.058165	0.993555	0.067619	0.995598	0.064906	-0.992957	0.073498	-0.092927
00736														9.663096	0.792320	-0.912119	-0.097014	-0.058098	0.993586	0.068024	0.995573	0.064856	-0.992956	0.073880	-0.092633
00737														9.716309	0.717289	-0.910133	-0.096633	-0.058014	0.993628	0.068322	0.995559	0.064771	-0.992972	0.074146	-0.092240
00738														9.744310	0.647872	-0.885153	-0.096319	-0.057940	0.993663	0.068543	0.995548	0.064694	-0.992988	0.074340	-0.091919
00739														9.709825	0.598642	-0.882626	-0.096075	-0.057884	0.993690	0.068703	0.995541	0.064634	-0.993000	0.074479	-0.091670
00740														9.687253	0.589856	-0.877568	-0.095854	-0.057808	0.993715	0.068858	0.995536	0.064556	-0.993011	0.074613	-0.091446
00741														9.703017	0.688299	-0.883347	-0.095615	-0.057726	0.993743	0.068981	0.995533	0.064467	-0.993025	0.074713	-0.091206
00742														9.718834	0.786494	-0.888943	-0.095352	-0.057610	0.993775	0.069072	0.995535	0.064339	-0.993044	0.074776	-0.090947
00743														9.807866	0.831901	-0.879164	-0.095182	-0.057441	0.993801	0.069076	0.995546	0.064157	-0.993060	0.074754	-0.090790
00744														9.799621	0.799326	-0.827616	-0.095061	-0.057256	0.993824	0.068900	0.995572	0.063947	-0.993084	0.074554	-0.090695
00745														9.720610	0.804907	-0.812185	-0.094947	-0.057066	0.993845	0.068516	0.995613	0.063714	-0.993122	0.074143	-0.090620
00746														9.720677	0.753862	-0.747324	-0.094840	-0.056890	0.993866	0.068092	0.995657	0.063491	-0.993161	0.073695	-0.090554
00747														9.787933	0.654892	-0.700233	-0.094706	-0.056746	0.993887	0.067453	0.995714	0.063278	-0.993217	0.073034	-0.090472
00748														9.813150	0.598365	-0.658370	-0.094652	-0.056609	0.993900	0.066681	0.995779	0.063067	-0.993275	0.072244	-0.090477
00749														9.828717	0.487729	-0.639830	-0.094653	-0.056529	0.993904	0.065873	0.995843	0.062913	-0.993328	0.071427	-0.090536
00750														9.834809	0.371812	-0.708861	-0.094686	-0.056488	0.993903	0.064921	0.995913	0.062787	-0.993388	0.070470	-0.090632
00751														9.759375	0.326557	-0.807817	-0.094702	-0.056486	0.993902	0.063841	0.995989	0.062688	-0.993457	0.069388	-0.090716
00752														9.712816	0.334126	-0.940641	-0.094726	-0.056531	0.993897	0.062727	0.996064	0.062633	-0.993525	0.068277	-0.090807
00753														9.678077	0.333771	-1.006028	-0.094771	-0.056612	0.993888	0.061734	0.996126	0.062626	-0.993583	0.067292	-0.090909
00754														9.643492	0.382191	-1.135965	-0.094748	-0.056708	0.993885	0.061043	0.996167	0.062658	-0.993628	0.066606	-0.090923
00755														9.610143	0.503700	-1.256938	-0.094678	-0.056844	0.993884	0.060605	0.996188	0.062749	-0.993662	0.066175	-0.090872
00756														9.617433	0.621754	-1.279011	-0.094536	-0.056961	0.993891	0.060451	0.996191	0.062842	-0.993684	0.066022	-0.090732
00757														9.646413	0.675277	-1.311895	-0.094368	-0.057050	0.993901	0.060506	0.996182	0.062926	-0.993697	0.066075	-0.090555
00758														9.614003	0.724368	-1.228117	-0.094139	-0.057058	0.993923	0.060739	0.996167	0.062940	-0.993704	0.066295	-0.090313
00759														9.649903	0.749454	-1.087770	-0.093839	-0.057092	0.993949	0.061137	0.996140	0.062990	-0.993708	0.066677	-0.089987
00760														9.630661	0.703840	-0.962982	-0.093469	-0.057157	0.993980	0.061600	0.996106	0.063072	-0.993715	0.067124	-0.089585
00761														9.668032	0.690498	-0.914478	-0.093094	-0.057163	0.994015	0.061972	0.996082	0.063086	-0.993727	0.067474	-0.089186
00762														9.675199	0.710902	-0.803250	-0.092608	-0.057160	0.994061	0.062236	0.996066	0.063073	-0.993756	0.067708	-0.088686
00763														9.766545	0.694865	-0.746042	-0.092195	-0.057100	0.994102	0.062505	0.996054	0.063009	-0.993777	0.067946	-0.088263
00764														9.808832	0.652119	-0.737129	-0.091861	-0.057046	0.994136	0.062750	0.996042	0.062953	-0.993793	0.068165	-0.087918
00765														9.768436	0.607231	-0.767882	-0.091594	-0.057033	0.994162	0.062882	0.996035	0.062934	-0.993809	0.068279	-0.087645
00766														9.749148	0.609222	-0.708761	-0.091285	-0.057066	0.994188	0.062831	0.996038	0.062941	-0.993841	0.068211	-0.087338
00767														9.767702	0.534706	-0.770985	-0.090979	-0.057107	0.994214	0.062592	0.996053	0.062940	-0.993884	0.067956	-0.087045
00768														9.755915	0.494418	-0.771228	-0.090705	-0.057161	0.994236	0.062266	0.996073	0.062947	-0.993929	0.067617	-0.086790
00769														9.773093	0.506999	-0.805638	-0.090435	-0.057246	0.994256	0.062059	0.996082	0.062996	-0.993967	0.067400	-0.086529
00770														9.810545	0.541989	-0.823536	-0.090230	-0.057294	0.994272	0.061962	0.996087	0.063022	-0.993992	0.067294	-0.086327
00771														9.795508	0.699615	-0.906981	-0.090126	-0.057299	0.994281	0.061865	0.996094	0.063011	-0.994007	0.067190	-0.086229
